{
 "cells": [
  {
   "cell_type": "code",
   "execution_count": 1,
   "id": "cae2b3ab",
   "metadata": {},
   "outputs": [
    {
     "name": "stdout",
     "output_type": "stream",
     "text": [
      "         Date    Low   High   Open  DailyChange  Price_MA_7\n",
      "0  02/01/2020  24.90  24.90  24.90    -2.352941   24.961429\n",
      "1  03/01/2020  25.34  25.37  25.34     3.071948   24.927143\n",
      "2  06/01/2020  24.70  24.96  24.95    -1.276935   24.765714\n",
      "3  07/01/2020  24.59  24.85  24.59     1.869919   24.808571\n",
      "4  08/01/2020  24.57  24.88  24.88    -2.380952   24.852857\n",
      "5  09/01/2020  24.84  25.20  24.84     1.900526   25.048571\n",
      "6  10/01/2020  24.71  24.82  24.82     0.283861   25.120000\n",
      "7  13/01/2020  24.55  24.73  24.55     1.189988   25.222857\n",
      "8  14/01/2020  24.20  24.33  24.28    -2.675719   25.350000\n",
      "9  15/01/2020  24.82  25.08  24.95    -1.300749   25.470000\n",
      "         Date  Price_EUR(Quartly Crude Oil Prices)\n",
      "0  01/01/2020                              45.2430\n",
      "1  01/04/2020                              27.6117\n",
      "2  01/07/2020                              36.9026\n",
      "3  01/10/2020                              36.3342\n",
      "4  01/01/2021                              50.0446\n",
      "5  01/04/2021                              57.2534\n",
      "6  01/07/2021                              62.4750\n",
      "7  01/10/2021                              70.8440\n",
      "8  01/01/2022                              88.7656\n",
      "9  01/04/2022                             105.8619\n",
      "         Date  GDP_Growth_Rate(Annual Average %)\n",
      "0  02/01/2020                              -10.4\n",
      "1  02/06/2020                               -2.6\n",
      "2  02/12/2020                                7.2\n",
      "3  02/01/2021                                8.7\n",
      "4  02/06/2021                                6.1\n",
      "5  02/12/2021                                4.8\n",
      "6  02/01/2022                                4.3\n",
      "7  02/06/2022                                1.8\n",
      "8  02/12/2022                                0.5\n",
      "9  02/01/2023                                0.1\n",
      "         Date  Inflation_Rates(%)\n",
      "0  02/01/2020                0.99\n",
      "1  02/06/2020                1.94\n",
      "2  02/12/2020                2.14\n",
      "3  02/01/2021                2.52\n",
      "4  02/06/2021                5.83\n",
      "5  02/12/2021                7.48\n",
      "6  02/01/2022                7.92\n",
      "7  02/06/2022                6.62\n",
      "8  02/12/2022                6.43\n",
      "9  02/01/2023                6.79\n",
      "         Date  Unemployment_Rate(Annual Average %)\n",
      "0  02/01/2020                                  6.6\n",
      "1  02/06/2020                                  6.3\n",
      "2  02/12/2020                                  6.1\n",
      "3  02/01/2021                                  6.0\n",
      "4  02/06/2021                                  5.6\n",
      "5  02/12/2021                                  5.4\n",
      "6  02/01/2022                                  5.3\n",
      "7  02/06/2022                                  5.1\n",
      "8  02/12/2022                                  4.9\n",
      "9  02/01/2023                                  5.0\n"
     ]
    }
   ],
   "source": [
    "import pandas as pd\n",
    "\n",
    "# Load each dataset\n",
    "historical_prices = pd.read_csv('cleaned_historical_prices_with_date.csv')\n",
    "crude_oil_prices = pd.read_csv('crude_oil_prices.csv')\n",
    "gdp_growth_rates = pd.read_csv('gdp_growth_rates.csv')\n",
    "inflation_rates = pd.read_csv('inflation_rates.csv')\n",
    "unemployment_rates = pd.read_csv('unemployment_rates.csv')\n",
    "\n",
    "print(historical_prices.head(10))\n",
    "print(crude_oil_prices.head(10))\n",
    "print(gdp_growth_rates.head(10))\n",
    "print(inflation_rates.head(10))\n",
    "print(unemployment_rates.head(10))\n"
   ]
  },
  {
   "cell_type": "code",
   "execution_count": 2,
   "id": "bf339c64",
   "metadata": {},
   "outputs": [
    {
     "name": "stdout",
     "output_type": "stream",
     "text": [
      "        Date    Low   High   Open  DailyChange  Price_MA_7  \\\n",
      "0 2020-01-02  24.90  24.90  24.90    -2.352941   24.961429   \n",
      "1 2020-01-03  25.34  25.37  25.34     3.071948   24.927143   \n",
      "2 2020-01-06  24.70  24.96  24.95    -1.276935   24.765714   \n",
      "3 2020-01-07  24.59  24.85  24.59     1.869919   24.808571   \n",
      "4 2020-01-08  24.57  24.88  24.88    -2.380952   24.852857   \n",
      "5 2020-01-09  24.84  25.20  24.84     1.900526   25.048571   \n",
      "6 2020-01-10  24.71  24.82  24.82     0.283861   25.120000   \n",
      "7 2020-01-13  24.55  24.73  24.55     1.189988   25.222857   \n",
      "8 2020-01-14  24.20  24.33  24.28    -2.675719   25.350000   \n",
      "9 2020-01-15  24.82  25.08  24.95    -1.300749   25.470000   \n",
      "\n",
      "   Price_EUR(Quartly Crude Oil Prices)  \n",
      "0                               45.243  \n",
      "1                               45.243  \n",
      "2                               45.243  \n",
      "3                               45.243  \n",
      "4                               45.243  \n",
      "5                               45.243  \n",
      "6                               45.243  \n",
      "7                               45.243  \n",
      "8                               45.243  \n",
      "9                               45.243  \n"
     ]
    }
   ],
   "source": [
    "import pandas as pd\n",
    "\n",
    "# Load datasets again for clarity\n",
    "historical_prices = pd.read_csv('cleaned_historical_prices_with_date.csv')\n",
    "crude_oil_prices = pd.read_csv('crude_oil_prices.csv')\n",
    "\n",
    "# Convert Date columns to datetime format\n",
    "historical_prices['Date'] = pd.to_datetime(historical_prices['Date'], dayfirst=True)\n",
    "crude_oil_prices['Date'] = pd.to_datetime(crude_oil_prices['Date'], dayfirst=True)\n",
    "\n",
    "# Set Date as index for crude oil prices and forward fill to propagate prices\n",
    "crude_oil_prices.set_index('Date', inplace=True)\n",
    "crude_oil_prices = crude_oil_prices.resample('D').ffill().reset_index()\n",
    "\n",
    "# Merge datasets on Date\n",
    "merged_data = pd.merge(historical_prices, crude_oil_prices, on='Date', how='left')\n",
    "\n",
    "# Save the merged data to inspect\n",
    "merged_data.to_csv('merged_historical_and_crude_oil_prices.csv', index=False)\n",
    "\n",
    "# Display the first few rows to verify\n",
    "print(merged_data.head(10))\n"
   ]
  },
  {
   "cell_type": "code",
   "execution_count": 3,
   "id": "b1fdcec6",
   "metadata": {},
   "outputs": [
    {
     "name": "stdout",
     "output_type": "stream",
     "text": [
      "        Date    Low   High   Open  DailyChange  Price_MA_7  \\\n",
      "0 2020-01-02  24.90  24.90  24.90    -2.352941   24.961429   \n",
      "1 2020-01-03  25.34  25.37  25.34     3.071948   24.927143   \n",
      "2 2020-01-06  24.70  24.96  24.95    -1.276935   24.765714   \n",
      "3 2020-01-07  24.59  24.85  24.59     1.869919   24.808571   \n",
      "4 2020-01-08  24.57  24.88  24.88    -2.380952   24.852857   \n",
      "5 2020-01-09  24.84  25.20  24.84     1.900526   25.048571   \n",
      "6 2020-01-10  24.71  24.82  24.82     0.283861   25.120000   \n",
      "7 2020-01-13  24.55  24.73  24.55     1.189988   25.222857   \n",
      "8 2020-01-14  24.20  24.33  24.28    -2.675719   25.350000   \n",
      "9 2020-01-15  24.82  25.08  24.95    -1.300749   25.470000   \n",
      "\n",
      "   Price_EUR(Quartly Crude Oil Prices)  Inflation_Rates(%)  \n",
      "0                               45.243                0.99  \n",
      "1                               45.243                0.99  \n",
      "2                               45.243                0.99  \n",
      "3                               45.243                0.99  \n",
      "4                               45.243                0.99  \n",
      "5                               45.243                0.99  \n",
      "6                               45.243                0.99  \n",
      "7                               45.243                0.99  \n",
      "8                               45.243                0.99  \n",
      "9                               45.243                0.99  \n"
     ]
    }
   ],
   "source": [
    "# Load the inflation rates dataset\n",
    "inflation_rates = pd.read_csv('inflation_rates.csv')\n",
    "\n",
    "# Convert the Date column to datetime format\n",
    "inflation_rates['Date'] = pd.to_datetime(inflation_rates['Date'], dayfirst=True)\n",
    "\n",
    "# Set Date as index for inflation rates and forward fill to propagate rates\n",
    "inflation_rates.set_index('Date', inplace=True)\n",
    "inflation_rates = inflation_rates.resample('D').ffill().reset_index()\n",
    "\n",
    "# Merge with the previously merged dataset\n",
    "merged_historical_crude_inflation = pd.merge(merged_data, inflation_rates, on='Date', how='left')\n",
    "\n",
    "# Save the merged data to inspect\n",
    "merged_historical_crude_inflation.to_csv('merged_historical_crude_inflation.csv', index=False)\n",
    "\n",
    "# Display the first few rows to verify\n",
    "print(merged_historical_crude_inflation.head(10))"
   ]
  },
  {
   "cell_type": "code",
   "execution_count": 4,
   "id": "8468bcc7",
   "metadata": {},
   "outputs": [
    {
     "name": "stdout",
     "output_type": "stream",
     "text": [
      "        Date    Low   High   Open  DailyChange  Price_MA_7  \\\n",
      "0 2020-01-02  24.90  24.90  24.90    -2.352941   24.961429   \n",
      "1 2020-01-03  25.34  25.37  25.34     3.071948   24.927143   \n",
      "2 2020-01-06  24.70  24.96  24.95    -1.276935   24.765714   \n",
      "3 2020-01-07  24.59  24.85  24.59     1.869919   24.808571   \n",
      "4 2020-01-08  24.57  24.88  24.88    -2.380952   24.852857   \n",
      "5 2020-01-09  24.84  25.20  24.84     1.900526   25.048571   \n",
      "6 2020-01-10  24.71  24.82  24.82     0.283861   25.120000   \n",
      "7 2020-01-13  24.55  24.73  24.55     1.189988   25.222857   \n",
      "8 2020-01-14  24.20  24.33  24.28    -2.675719   25.350000   \n",
      "9 2020-01-15  24.82  25.08  24.95    -1.300749   25.470000   \n",
      "\n",
      "   Price_EUR(Quartly Crude Oil Prices)  Inflation_Rates(%)  \\\n",
      "0                               45.243                0.99   \n",
      "1                               45.243                0.99   \n",
      "2                               45.243                0.99   \n",
      "3                               45.243                0.99   \n",
      "4                               45.243                0.99   \n",
      "5                               45.243                0.99   \n",
      "6                               45.243                0.99   \n",
      "7                               45.243                0.99   \n",
      "8                               45.243                0.99   \n",
      "9                               45.243                0.99   \n",
      "\n",
      "   GDP_Growth_Rate(Annual Average %)  \n",
      "0                              -10.4  \n",
      "1                              -10.4  \n",
      "2                              -10.4  \n",
      "3                              -10.4  \n",
      "4                              -10.4  \n",
      "5                              -10.4  \n",
      "6                              -10.4  \n",
      "7                              -10.4  \n",
      "8                              -10.4  \n",
      "9                              -10.4  \n"
     ]
    }
   ],
   "source": [
    "# Load the GDP growth rates dataset\n",
    "gdp_growth_rates = pd.read_csv('gdp_growth_rates.csv')\n",
    "\n",
    "# Convert the Date column to datetime format\n",
    "gdp_growth_rates['Date'] = pd.to_datetime(gdp_growth_rates['Date'], dayfirst=True)\n",
    "\n",
    "# Set Date as index for GDP growth rates and forward fill to propagate rates\n",
    "gdp_growth_rates.set_index('Date', inplace=True)\n",
    "gdp_growth_rates = gdp_growth_rates.resample('D').ffill().reset_index()\n",
    "\n",
    "# Merge with the previously merged dataset\n",
    "merged_historical_crude_inflation_gdp = pd.merge(merged_historical_crude_inflation, gdp_growth_rates, on='Date', how='left')\n",
    "\n",
    "# Save the merged data to inspect\n",
    "merged_historical_crude_inflation_gdp.to_csv('merged_historical_crude_inflation_gdp.csv', index=False)\n",
    "\n",
    "# Display the first few rows to verify\n",
    "print(merged_historical_crude_inflation_gdp.head(10))"
   ]
  },
  {
   "cell_type": "code",
   "execution_count": 5,
   "id": "6b93a7cc",
   "metadata": {},
   "outputs": [
    {
     "name": "stdout",
     "output_type": "stream",
     "text": [
      "        Date    Low   High   Open  DailyChange  Price_MA_7  \\\n",
      "0 2020-01-02  24.90  24.90  24.90    -2.352941   24.961429   \n",
      "1 2020-01-03  25.34  25.37  25.34     3.071948   24.927143   \n",
      "2 2020-01-06  24.70  24.96  24.95    -1.276935   24.765714   \n",
      "3 2020-01-07  24.59  24.85  24.59     1.869919   24.808571   \n",
      "4 2020-01-08  24.57  24.88  24.88    -2.380952   24.852857   \n",
      "5 2020-01-09  24.84  25.20  24.84     1.900526   25.048571   \n",
      "6 2020-01-10  24.71  24.82  24.82     0.283861   25.120000   \n",
      "7 2020-01-13  24.55  24.73  24.55     1.189988   25.222857   \n",
      "8 2020-01-14  24.20  24.33  24.28    -2.675719   25.350000   \n",
      "9 2020-01-15  24.82  25.08  24.95    -1.300749   25.470000   \n",
      "\n",
      "   Price_EUR(Quartly Crude Oil Prices)  Inflation_Rates(%)  \\\n",
      "0                               45.243                0.99   \n",
      "1                               45.243                0.99   \n",
      "2                               45.243                0.99   \n",
      "3                               45.243                0.99   \n",
      "4                               45.243                0.99   \n",
      "5                               45.243                0.99   \n",
      "6                               45.243                0.99   \n",
      "7                               45.243                0.99   \n",
      "8                               45.243                0.99   \n",
      "9                               45.243                0.99   \n",
      "\n",
      "   GDP_Growth_Rate(Annual Average %)  Unemployment_Rate(Annual Average %)  \n",
      "0                              -10.4                                  6.6  \n",
      "1                              -10.4                                  6.6  \n",
      "2                              -10.4                                  6.6  \n",
      "3                              -10.4                                  6.6  \n",
      "4                              -10.4                                  6.6  \n",
      "5                              -10.4                                  6.6  \n",
      "6                              -10.4                                  6.6  \n",
      "7                              -10.4                                  6.6  \n",
      "8                              -10.4                                  6.6  \n",
      "9                              -10.4                                  6.6  \n"
     ]
    }
   ],
   "source": [
    "# Load the Unemployment Rates dataset\n",
    "unemployment_rates = pd.read_csv('unemployment_rates.csv')\n",
    "\n",
    "# Convert the Date column to datetime format\n",
    "unemployment_rates['Date'] = pd.to_datetime(unemployment_rates['Date'], dayfirst=True)\n",
    "\n",
    "# Set Date as index for Unemployment Rates and forward fill to propagate rates\n",
    "unemployment_rates.set_index('Date', inplace=True)\n",
    "unemployment_rates = unemployment_rates.resample('D').ffill().reset_index()\n",
    "\n",
    "# Merge with the previously merged dataset\n",
    "final_merged_data = pd.merge(merged_historical_crude_inflation_gdp, unemployment_rates, on='Date', how='left')\n",
    "\n",
    "# Save the merged data to inspect\n",
    "final_merged_data.to_csv('final_merged_data.csv', index=False)\n",
    "\n",
    "# Display the first few rows to verify\n",
    "print(final_merged_data.head(10))"
   ]
  },
  {
   "cell_type": "code",
   "execution_count": 6,
   "id": "6fb1fb7f",
   "metadata": {},
   "outputs": [
    {
     "name": "stdout",
     "output_type": "stream",
     "text": [
      "         Date    Low   High   Open  DailyChange  Price_MA_7  \\\n",
      "0  2020-01-02  24.90  24.90  24.90    -2.352941   24.961429   \n",
      "1  2020-01-03  25.34  25.37  25.34     3.071948   24.927143   \n",
      "2  2020-01-06  24.70  24.96  24.95    -1.276935   24.765714   \n",
      "3  2020-01-07  24.59  24.85  24.59     1.869919   24.808571   \n",
      "4  2020-01-08  24.57  24.88  24.88    -2.380952   24.852857   \n",
      "5  2020-01-09  24.84  25.20  24.84     1.900526   25.048571   \n",
      "6  2020-01-10  24.71  24.82  24.82     0.283861   25.120000   \n",
      "7  2020-01-13  24.55  24.73  24.55     1.189988   25.222857   \n",
      "8  2020-01-14  24.20  24.33  24.28    -2.675719   25.350000   \n",
      "9  2020-01-15  24.82  25.08  24.95    -1.300749   25.470000   \n",
      "\n",
      "   Price_EUR(Quartly Crude Oil Prices)  Inflation_Rates(%)  \\\n",
      "0                               45.243                0.99   \n",
      "1                               45.243                0.99   \n",
      "2                               45.243                0.99   \n",
      "3                               45.243                0.99   \n",
      "4                               45.243                0.99   \n",
      "5                               45.243                0.99   \n",
      "6                               45.243                0.99   \n",
      "7                               45.243                0.99   \n",
      "8                               45.243                0.99   \n",
      "9                               45.243                0.99   \n",
      "\n",
      "   GDP_Growth_Rate(Annual Average %)  Unemployment_Rate(Annual Average %)  \n",
      "0                              -10.4                                  6.6  \n",
      "1                              -10.4                                  6.6  \n",
      "2                              -10.4                                  6.6  \n",
      "3                              -10.4                                  6.6  \n",
      "4                              -10.4                                  6.6  \n",
      "5                              -10.4                                  6.6  \n",
      "6                              -10.4                                  6.6  \n",
      "7                              -10.4                                  6.6  \n",
      "8                              -10.4                                  6.6  \n",
      "9                              -10.4                                  6.6  \n",
      "           Date    Low   High   Open  DailyChange  Price_MA_7  \\\n",
      "957  2023-09-18  80.74  82.65  82.18    -0.516605   83.152857   \n",
      "958  2023-09-19  80.55  81.69  80.97    -1.764137   83.292857   \n",
      "959  2023-09-20  80.51  82.97  81.60    -1.977970   83.551429   \n",
      "960  2023-09-21  81.70  84.61  82.70    -1.019930   83.364286   \n",
      "961  2023-09-22  83.65  86.05  83.94     0.482978   82.831429   \n",
      "962  2023-09-25  84.77  85.95  85.95     2.884499   82.045714   \n",
      "963  2023-09-26  82.51  85.13  84.99     0.794039   81.607143   \n",
      "964  2023-09-27  81.61  83.05  83.00    -1.504031   81.371429   \n",
      "965  2023-09-28  81.82  83.24  81.83     2.038060   81.194286   \n",
      "966  2023-09-29  81.42  83.24  83.00     0.929368   80.982857   \n",
      "\n",
      "     Price_EUR(Quartly Crude Oil Prices)  Inflation_Rates(%)  \\\n",
      "957                              77.1185                6.53   \n",
      "958                              77.1185                6.53   \n",
      "959                              77.1185                6.53   \n",
      "960                              77.1185                6.53   \n",
      "961                              77.1185                6.53   \n",
      "962                              77.1185                6.53   \n",
      "963                              77.1185                6.53   \n",
      "964                              77.1185                6.53   \n",
      "965                              77.1185                6.53   \n",
      "966                              77.1185                6.53   \n",
      "\n",
      "     GDP_Growth_Rate(Annual Average %)  Unemployment_Rate(Annual Average %)  \n",
      "957                                0.2                                  3.9  \n",
      "958                                0.2                                  3.9  \n",
      "959                                0.2                                  3.9  \n",
      "960                                0.2                                  3.9  \n",
      "961                                0.2                                  3.9  \n",
      "962                                0.2                                  3.9  \n",
      "963                                0.2                                  3.9  \n",
      "964                                0.2                                  3.9  \n",
      "965                                0.2                                  3.9  \n",
      "966                                0.2                                  3.9  \n"
     ]
    }
   ],
   "source": [
    "import pandas as pd\n",
    "\n",
    "# Load the final merged dataset\n",
    "final_data = pd.read_csv('final_merged_data.csv')\n",
    "\n",
    "# Display the first few rows of the dataset to verify\n",
    "print(final_data.head(10))\n",
    "print(final_data.tail(10))"
   ]
  }
 ],
 "metadata": {
  "kernelspec": {
   "display_name": "Python 3 (ipykernel)",
   "language": "python",
   "name": "python3"
  },
  "language_info": {
   "codemirror_mode": {
    "name": "ipython",
    "version": 3
   },
   "file_extension": ".py",
   "mimetype": "text/x-python",
   "name": "python",
   "nbconvert_exporter": "python",
   "pygments_lexer": "ipython3",
   "version": "3.11.5"
  }
 },
 "nbformat": 4,
 "nbformat_minor": 5
}
